0.00030922
0.000314369
0.000931345
0.000858576
0.0016585
0.000443564
0.000375339
0.000324328
0.000521517
0.000997015
2.82131e-05
0.000354026
0.000876786
0.000605189
0.00170038
0.000539138
0.000235568
8.30487e-05
0.00160198
0.000243176
0.000321534
0.00133514
0.000869193
0.000292931
0.00118743
0.000980841
0.0010589
0.000823336
0.00119377
0.00114012
0.00045236
0.000347476
0.000364259
0.000449215
0.000241267
3.83369e-05
0.000772329
0.000666597
0.000759185
0.00122549
0.00184659
0.000425125
1.65562e-05
0.00113609
0.000261747
0.000501369
1.60137e-05
0.00083462
0.000230731
0.00146131
0.00136804
0
0.00122201
0.000900901
0.00153181
0.000648862
0.00550318
0.000939747
0.00100536
0
8.59406e-05
0.000788986
0.000763367
0.000264983
0.00140387
0.000417517
0.000596874
0.00155824
0.00057959
0.000687697
6.0608e-05
0.000653019
0.000485061
0.000209934
0.000643643
0
0.000576351
0.00038118
0.000374876
0.000630444
0.00100062
0.000578715
0.00147154
0.0013104
0.000580603
0.000929732
0.00182157
0.000538206
0.00084643
0.0007531
0.000406185
0.00201948
0.000560786
0.000591057
0.00121537
9.95977e-06
0.00172411
2.94326e-05
0.000516779
0.00154356
0.00146475
0.000787259
0.00128986
0.000711961
0.000768083
0.000582356