0.000384627
0.000194225
0.00058244
0.00119038
0.0013329
0.000220011
0.000568475
0.0012974
0.000796811
0.00152814
0.000844758
0.00078207
0.000319113
3.14725e-05
8.23101e-05
0.000286347
0.000941971
0
0.000606949
8.95115e-05
0.000629244
0.000321717
0.000139912
0.000194399
0.00036871
0.000786184
0.000641262
0.000205077
7.93753e-05
5.78756e-05
0.000140624
0.000732297
0.000998024
0.000894858
0.000930985
7.40506e-05
0.000588529
0.000199727
0.0025201
0.00054541
0.000442936
0
0.000391739
0
0.00119199
0.00179705
0.0001182
0.000182324
0.000707428
0.00654224
0.000339885
0.00130435
0
0.00065111
0.000450014
0.00163747
0.000800271
3.19739e-05
0
0
0.000498456
0.000815641
0.000970112
8.60802e-05
0.000492484
0.00048825
9.69792e-05
0.000904018
0.00201767
0.000422488
0.0013994
0.00173269
0.000680881
5.72995e-05
0.00048961
0.000178495
0.000575967
0.000127481
0
0.000651883
0.00108339
0.00038034
0.000503513
0.00024837
0.000640911
0
0.000112066
0.00136495
0.000639818
0.000621453
0.000191247
3.51793e-05
3.85599e-05
0.000969208
0.000342292
0.000889226
0.00770163
0.000243014
0.00188172
1.76953e-06
0.00030922
0.000314369
0.000931345
0.000858576
0.0016585
0.000443564
0.000375339
0.000324328
0.000521517
0.000997015
2.82131e-05
0.000354026
0.000876786
0.000605189
0.00170038
0.000539138
0.000235568
8.30487e-05
0.00160198
0.000243176
0.000321534
0.00133514
0.000869193
0.000292931
0.00118743
0.000980841
0.0010589
0.000823336
0.00119377
0.00114012
0.00045236
0.000347476
0.000364259
0.000449215
0.000241267
3.83369e-05
0.000772329
0.000666597
0.000759185
0.00122549
0.00184659
0.000425125
1.65562e-05
0.00113609
0.000261747
0.000501369
1.60137e-05
0.00083462
0.000230731
0.00146131
0.00136804
0
0.00122201
0.000900901
0.00153181
0.000648862
0.00550318
0.000939747
0.00100536
0
8.59406e-05
0.000788986
0.000763367
0.000264983
0.00140387
0.000417517
0.000596874
0.00155824
0.00057959
0.000687697
6.0608e-05
0.000653019
0.000485061
0.000209934
0.000643643
0
0.000576351
0.00038118
0.000374876
0.000630444
0.00100062
0.000578715
0.00147154
0.0013104
0.000580603
0.000929732
0.00182157
0.000538206
0.00084643
0.0007531
0.000406185
0.00201948
0.000560786
0.000591057
0.00121537
9.95977e-06
0.00172411
2.94326e-05
0.000516779
0.00154356
0.00146475
0.000787259
0.00128986
0.000711961
0.000768083
0.000582356
0.000604596
0.000640036
0.00113171
5.05823e-05
0.0011506
0.00102933
0.000359053
6.01556e-06
0.000687435
0.00104924
0.000138952
0.000916629
0.00894841
0.00131183
0.000730084
0.000815921
0.000371962
0.000871781
0.000335734
0.000122495
8.74669e-05
0.000631891
0.00166511
0.000261508
0.000162158
0.000391991
0.00121879
0.000304837
0.0014216
0.000727948
5.035e-05
0.000554019
0.00163601
0.000806846
9.82308e-05
0.00111669
0.00145906
0.000921938
0.000584708
0.000172703
0.000197029
0.00067883
0.00107028
0.000424674
0.000559385
0.000440818
0.000205806
0.00112821
0.00120759
0.00106079
6.41376e-05
0.000527653
0.000330669
6.0981e-05
0.00056013
0
0.00437035
0.000886795
0.0017047
4.71883e-05
0.000467286
0.000246654
0.000751296
0.000562128
0
8.65738e-05
0.00129822
0.000299286
0.000795017
0.00144352
0.000182021
0
0.000408149
0.000366982
0
0.0020359
0
0.000111777
0.000353087
0.000262068
0.000539358
0.00180508
0.000981662
0.000269136
0.00116514
0.000732375
0.00132305
3.77847e-05
0.000378017
0.000339756
0.000785547
0.000356731
0.00170961
0.000179842
0.000450395
0.00206986
0.000311015
0.00194874
0
0.000170411
0.000826895
0.00160494
0
0.00131565
0.000710921
0.00102875
0.00098811
3.49593e-05
0.0017481
0.000314
0.000848723
0.000117692
0.00153129
0.000729361
0.000804489
0
0.00102984
0.000405661
0.000744666
0.00107209
0.00110482
0.00115836
2.37604e-05
0.00114111
0
0.000756097
0.00110455
0.00110652
0.000803436
0.000282552
0.000239075
0.000794228
3.20334e-07
0.000118623
0.000858471
2.34425e-05
0.000667103
0.000972031
0.00125915
0
0.000599681
0.000505824
0.000332638
0.00153286
0.00113093
0.00105559
0.00103522
0.00102474
0.000215173
0.00103418
0.000576752
1.76119e-05
0.000171401
0
0.00178865
0.000270685
8.0704e-05
0.00011368
9.10932e-05
0.00060152
0.000664474
5.92147e-05
0.00143129
4.85778e-05
0.000567408
0
0.000669213
0.000619494
0.000440771
0.000411566
0.00175741
0.000907127
1.70962e-05
0.000837794
6.74104e-05
0.00126749
0.000269792
5.93552e-06
0.000570787
0.000929621
0.000738526
0.000405007
0.00040022
0.00169178
0.00173892
0.000238399
0.000860145
0.000626092
0.000135199
0.000302404
0.00012208
8.52801e-05
0.000394075
0.000162317
0
0.000180355
0.000941393
0.000991373
0.000863309
0.00020518
1.96433e-05
0
0.00120397
0.00142055
0.00105839
0.00026417
0.00100919
0.000202613
3.036e-05
0.000567254
0.00129785
0.000831449
0
6.66011e-06
0.00070838
0.00107953
0.0011722
8.57417e-05
0.00028991
0.00135102
0
0.000939384
0.000396962
0.00101857
0.000669115
1.68283e-05
0.00119952
0.000110066
0.000565748
0
0.00101351
0.000869606
0.000412597
0.000304396
0
0.000256359
0.00027521
0.000726235
0.00150622
0.00140319
0.000427348
0.00114245
0.000614888
0.000347773
0.000105619
0.000546917
0.000119124
0.0001756
2.58519e-05
0.00107169
0
0.000639314
0.00124901
0.000176549
0.000671697
0.000928192
5.4394e-05
0.000226957
7.88461e-05
0.00153955
8.51536e-05
0.000208288
0.000685794
0.000460878
0.00047736
0.00173877
0.00125204
0.000362649
0.000458929
0.000541731
0.000617817
0.000529343
0.000128148
0.000185755
0.000544231
6.01517e-05
0.000350442
0.000256577
0.000387734
1.60241e-06
0.00114049
0.000266255
9.19973e-05
0.000121354
0.000103926
5.25954e-05
0.000221629
0.000758986
0.000959438
0.000372909
5.2011e-05
0
0.00659194
0.00126315
0.00158698
0.00108235
0.00023117
0.00121383
0.00037785
0.00050808
0.00140342
0.000309049
0
0.000312456
0.00076071
0.000688451
0.000908955
0.000438526
0.000873244
2.07852e-06
0.000100571
5.72649e-05
0.000924188
0.0001283
0.000235888
0.00033666
0.000532015
0.0002915
0.000214767
9.76489e-05
0.000230715
0.000281111
7.33665e-05
0.000669542
0.00115023
0.000275262
0.000122448
7.45226e-05
0
0.000255984
0.000674588
0.000153022
0.000701083
0.00119475
0.000775671
0.00041915
0.00128733
0.00280878
0.000227483
0.000299698
0.000669982
9.97879e-05
0.00168558
0.000940951
0.00103699
0.00066883
0.000761572
0.000607717
0.00033714
0
0.00138025
0.000619972
0.000201743
0.00123603
0.000113928
0.000564976
0.00112814
0.000306015
2.69619e-05
0.00088837
0.000276783
0.00185314
0.00148021
0.00160116
0.000574306
0.000734376
0
0.000433128
0.00055121
0.00118546
0.000144386
5.11048e-05
0
0.00111073
0.00108399
0.000240657
0.000314459
0.000184705
0.000174262
0.000641933
0.000291838
0.000323489
3.84097e-05
0.000381803
0.000387492
0.000844698
0.000209121
0.000377645
8.27378e-05
0.00147969
0.00115634
0.00039936
0.000813459
0.000190127
0.000540622
0.000574667
0.000761182
0.000754067
0.00202638
0.000110812
0.000960822
0.000484279
9.50318e-05
0.000820158
0.000497172
0.00113982
0.00039464
8.75921e-05
0.000387492
0.000847735
0.000666849
0
0.000420518
0.000706734
4.35209e-05
0.000181557
0.00212358
0.000715121
8.16162e-05
0.000857374
0.00122245
0
0.000330675
0.00134994
6.28033e-05
0.00165528
0.000747932
0.00280839
5.34372e-05
0.000708139
0
0.00188435
0.000211317
0.000668773
0.00117843
0.000138317
0.000910109
0.000729983
0.000531148
0.00110153
0
4.31167e-05
0.00094063
0
7.29331e-05
0.000169039
0.00112348
0.000923244
0.000143174
0.000802385
0.000536709
0.000372796
0.00115533
8.95701e-05
0.000527305
0.000358602
0.00108113
0.000857159
0.00101663
0.000305763
0.000469601
0.000263188
0.00153753
0.000926425
0.000749173
0.0003586
0.000611861
0.000138616
0.000531121
0
0.000345038
0.000225763
0.00123735
0.000922706
0.000261987
0.00022734
0
0.00161565
0.00110247
0.000331151
0.000581272
0.000659677
6.35181e-05
0.000470924
0.000831794
0.000711454
0.000264446
0.000559658
0.00126553
0.000162047
0
0.000880726
0.000690645
7.9943e-05
0.000325976
0.00267167
2.46247e-05
0.00089941
0.000286745
0.000899936
0.000274639
0.000557528
9.5293e-05
0.00188951
0
0.000754401
0.000581743
0
0.000708418
0.000517869
0.000350879
0.000530972
0
0.00254328
0.00122724
0.000327469
0
0.00078315
0.00119882
0.000435573
0.000113861
0.000194481
0.000633123
0.000746912
9.06244e-05
0.000822263
0.000414877
0.000231874
9.02741e-05
0.000347688
2.18728e-05
3.68832e-05
0.00106391
0.000706494
0.00023463
0.0001175
0
0.000667873
0.00129437
0.000133113
0.00105538
0.000994456
0
0.00139605
0.00221734
0.000747851
4.79609e-05
0.000501549
0.000340963
0.00165404
0
0.000620819
0
0
0.000623304
0.000129254
0.000366184
0.000317243
0.000677936
0.00103096
0.000597309
3.04064e-05
0.000231003
0.000300967
0.000435704
1.72211e-05
0.000808882
8.80013e-05
0.000596225
0.000440022
0.000736823
0.000444479
5.6893e-05
0.00102496
2.83602e-05
9.66206e-06
0.000721134
0.00019284
0.000162222
0
0
0.000870511
0.000712864
0.00186725
0.00013384
0.000114992
5.76226e-05
0.000522045
0.000484283
0.000967275
0.00166458
0.000781883
0.000372696
0.0017487
0.000658792
0.000685919
0.000845147
4.00433e-05
0.000881001
0.000457308
0.000780967
0.00154751
0.000512086
2.08822e-05
0.000571454
0.00244428
0.000371294
0.00163517
0.00170287
0.0015193
0.000473045
0.0022255
0.000377363
2.00765e-05
0.000151246
0.000806461
0.000745106
0.000856141
0.000427158
7.2262e-05
0.00106507
0.00100008
9.58689e-05
0.000175245
0.00088117
0.00189703
0.000542884
0
0.000613319
0.00138709
0.00172075
0.00124021
0.000980881
0.00147788
0.000123565
0
0.000900932
0.000388689
0.00120987
0.000130006
0.00142715
0.000804052
0.000875369
0.000577018
0.000650187
0.000810619
0.000188045
0.000435219
0.000998116
0.000728948
0.000220368
0.0002871
0.000122784
0.000220164
0.000419759
0.000151198
2.36266e-05
0.00057977
0.000340095
0.000320851
0
0.000303877
0.000129712
0.000317842
0.00165949
0.000940369
0
0.000191722
0.000135414
0.00107602
4.54899e-05
0.000400255
0.00240878
0.000292367
0.000895265
0.00110136
0.000722739
0.000666502
0.000242965
0.000248418
0.000588003
0.00193877
0.000362988
4.75348e-05
0.000660351
0.000406641
0
0.000414204
0.00190129
0.00089025
0.000116091
0.000135773
0.000931364
6.81513e-05
0.000651998
0.000687141
0.000408084
0.00048271
0.000429911
6.8305e-05
0.0013495
0.00111242
0.00198304
0
0.000420286
0.00117832
6.14689e-05
0.000494578
0.000353784
0.000840936
0
0.00104194
0.000628257
0.000502038
0.000847305
0.000300301
0.00129096
6.88396e-05
0.000195324
0.0017804
0.000598593
0.000646928
0.000849671
0.000598516
0.0009521
0.000196643
0.000123591
0.000530823
0.000840528
0.000539455
6.15409e-05
0.000443169
0.00176307
5.10503e-05
0.000185736
6.51785e-05
0.00133118
0.000215458
0.00108961
0.0001265
0.000422657
0.000429618
0.000589126
0.000501548
0.000379862
0.000143603
0.000701296
6.55222e-05
0.000240443
0.000117227
0.000102902
0.0013699
0.00123564
0.000981373
0.000261732
0.000157879
0.000639454
0.000986715
0.000186187
0.000247378
0.00141466
4.8014e-05
0.000662269
1.63722e-05
0.000737111
0.00116352
0.00160513
0.000710174
0.00103336
0.000145106
0.00138697
9.57488e-06
0.0010246
0.0010163
0.00155696
0
0.000851505
0.00129167
0.000429386
0.000191914
0.00161967
0.000148152
0.000415611
0.000898665
5.66596e-06
0.000525026
0.00252246
3.13937e-05
0.000478179
0.00125813
0.000630778
0.000393481
0.000978783
0.000920288
0.000390826
0.00010519
0.00897508
0.000470296
0.000263325
0.000606647
0.000576641
0.000783315
0.00025926
0
0.000866923
0.000166317
0.000723524
0.000197671
0.00119376
0.000687765
0
0.00139177
0.000773536
0.000543546
0.000124723
0.00186381
0.000790065
0.00073993
7.54199e-05
0.000282557
0.000536706
0.000326747
0.000917717
0.000541572
0.00116279
0.000108072
0.000501801
6.1242e-05
0.000382317
0
0.00106437
0.000847405
0.000305172
0.000308084
4.27867e-05
0.000148628
0.000421288
0.000730655
0.000302883
0.00630116
0.00057174
0.00101526
0.00116638
0.000589629
0.00030698
0.000940705
0.00142961
0.000206003
0.000607904
0.00188577
6.84006e-05
0.000563623
0.000128997
0.000149562
0.000474025
0.00172771
0.00108424
9.21008e-05
0.00120939
0.00039098
0
0.000814989
0.000142677
0.000990399
0.000573658
1.69187e-05
0.000417808
0.00145206
6.01569e-05
2.87838e-05
0.000195168
0.000216082
0.000235326
0.000313953
7.42919e-05
0.000562473
0.000468498
1.80437e-05
0.0012721
0.000631064
0.00092079
0.000173469
0.00133902
0.00032076
0.000307006
3.06181e-05
0.000619698
0.000909271
0.000239947
0.000814137
0.00109084
0.00114528
0.000439849
2.05094e-05
0.00118818
0.0018057
0.000899248
0.00066638
0
0.000182383
9.71098e-05
7.77083e-05
0.000208648
0.000192828
0.00117752
0.000844452
0.000143921
0.000183152
0.000797968
0.000979926
9.22339e-05
0.000317207
0.000337871
0.000887318
0.000194232
0.00126715
9.12232e-05
6.32386e-05
0.000981995
0.00172267
9.22508e-05
0.00070518
0.000258086
0.000312644
3.61238e-05
0.000441991
0.000380377
0.000323318
0.000741097
0.000658635
0.000404134
0.000173725
0.000851165
0.000851515
0.000168384
0.000523529
0.000438504
0.000709715
2.33239e-05
0.000216298
0.000441518
0.000570261
0.000163141
0.000694082
0.000819949
0.0011105
0.000186771
0
0.000365603
0.000568514
0.000648487
0.00161462
0.00172881
0.00137345
0.000965178
0.000574511
9.50941e-05
0.000434623
0.000668084
0.000577055
0.000198489
0.000763438
0.000377102
8.58024e-05
